4.1106,19.590
3.5277,11.1302
9.5186,12.662
4.0032,13.854
8.8598,3.8233
4.3839,15.896
5.4744,6.3503
7.5781,13
1.4862,11.5987
4.0546,4.8166
4.7117,4.2525
16.164,11.505
4.736,2.1548
2.4084,11.2258
0.6407,5.71618
4.3796,4.5128
8.3644,6.3049
7.1301,3.56077
7.4396,2.6418
6.0703,6.3892
7.2891,4.0386
30.27,11.767
5.4901,4.263
6.3261,5.1875
5.5649,3.0825
18.945,22.638
12.828,13.501
10.957,7.0467
13.176,14.692
22.203,24.147
5.2524,-1.22
6.5894,5.9966
9.2482,12.134
5.8918,1.8495
8.2111,6.5426
7.9334,4.5623
8.0959,4.1164
5.6063,3.3928
12.836,10.117
6.3534,5.4974
5.4069,0.55657
6.8825,3.9115
11.708,5.3854
5.7737,2.4406
7.8247,6.7318
7.0931,1.0463
5.0702,5.1337
5.8014,1.844
11.7,8.0043
5.5416,1.0179
7.5402,6.7504
5.3077,1.8396
7.4239,4.2885
7.6031,4.9981
6.3328,1.4233
6.3589,-1.4211
6.2742,2.4756
7.6597,8.6042
10.3002,2.9724
8.4516,6.4161
5.8234,8.1714
5.2793,-0.54279
31.279,07.929
24.908,2.054
18.959,17.056
8.182,17.056
12.36,7.7754
1.594,1.0173
10.331,30.902
11.136,5.6799
8.3336,3.0269
7.0062,0.2784
8.2269,2.3401
5.0279,-2.6817
4.5479,2.29678
5.5386,4.8845
0.0365,9.7014
11.274,5.7526
5.1087,2.0566
8.7292,-2.47953
3.1884,2.20421
4.3547,2.67871
11.7687,5.5435
7.5169,5.3426
6.5122,6.2415
9.1802,6.7981
4.002,2.92695
4.5214,1.1421
4.0594,3.8214
3.7077,3.8451
7.6376,4.2949
9.8717,3.2019
4.3054,2.9869
9.2935,1.1446
12.395, 9.984
3.4369,9.1705
